CORRETOS 0-178
4.460650;-0.116631;0.029776;-0.155090;0.039934;-0.000403;0.143331;-0.369818;-0.267130;0.038708;0.075462;-0.155063;-0.268378;-0.000700;

CORRETOS 10-120

4.486403;-0.142446;-0.059108;-0.322479;0.034188;-0.000188;0.078338;-0.085275;0.075854;0.064281;-0.011119;0.101480;-0.187834;-0.000623;

REGULARIZAÇÃO:
lamb = 0.1 

0.907409;-0.017983;0.072824;0.482929;0.001070;0.002144;0.035851;-0.468356;0.900155;0.078889;0.112532;0.724191;-0.164007;-0.000975;0.100000; erro 0.066554, count 13145955

lamb = 1

0.921441;0.017604;0.046757;0.355889;0.010206;0.002018;0.022951;-0.458524;0.738496;0.054633;0.103498;0.595703;-0.178168;-0.000935;1.000000; erro 0.056935, count 17130767

lamb = 10
0.907649;0.039470;0.077811;0.174072;0.029950;0.002772;-0.018429;-0.299376;0.345049;0.003327;0.095231;0.255378;-0.134453;-0.001049;10.000000; erro 1.000000, count 10696510

lamb = 100

2.124656;0.000941;0.051406;-0.008361;0.039868;0.000654;-0.038983;-0.096000;0.005405;-0.030807;0.084135;-0.019834;-0.071603;-0.001293;100.000000; erro 13.830436, count 229472041

lamb = 20

0.906225;0.051572;0.076868;0.078598;0.040244;0.003091;-0.035023;-0.227613;0.172219;-0.020167;0.091643;0.111677;-0.116505;-0.001108;0; erro 0.051328, count 9248874

lamb = 50

0.901795;0.046238;0.072407;0.020954;0.049202;0.003662;-0.038462;-0.142669;0.057368;-0.028734;0.089979;0.020645;-0.084382;-0.001226;50.000000; erro 0.061741, count 6307388

lamb = 30

0.903233;0.050699;0.076861;0.046420;0.044747;0.003329;-0.038765;-0.187488;0.109351;-0.026449;0.091148;0.060762;-0.102518;-0.001157;30.000000; erro 0.054879, count 7926288


lamb = 20 10-20-30
14.781950;0.534226;0.571118;-0.331155;0.442370;0.021449;-0.487428;-2.143621;0.057286;-0.431788;0.844490;-0.287152;-1.327141;-0.010431;20.000000; erro 4.533419, count 194286004

CORRIGIDO J(X)
lamb = 20
0.972803;0.076104;0.051510;0.042900;0.038975;0.002556;-0.031934;-0.291822;0.161132;-0.021999;0.084439;0.104773;-0.150746;-0.000999;20.000000; erro 0.149454, count 8985322

lamb = 15
0.988001;0.085987;0.046264;0.010968;0.039876;0.002443;-0.022118;-0.313644;0.133573;-0.017270;0.080309;0.086106;-0.161904;-0.000964;15.000000; erro 0.123220, count 5012164

lamb = 13.5
0.998894;0.091041;0.044887;-0.011205;0.040945;0.002411;-0.016437;-0.320429;0.106866;-0.015250;0.077906;0.066417;-0.166074;-0.000950;13.500000; erro 0.115251, count 6002662